strategic_region = {
	id = 103
	name = "STRATEGICREGION_103"

	provinces = {
		7 61 73 121 240 262 357 376 404 472 535 621 705 764 824 869 1000 1029 1086 1164 1296 1327 1342 1408 1474 1698 1724 1813 1890 1976 2002 2052 2125 2244 2292 2305 2356 2384 2442 2495 2498 2537 2621 2699 2751 2752 2898 2961 3063 3095 3137 3158 3307 3356 3381 3421 3450 3474 3514 3911 3974 4051 4116 4230 4343 4406 4461 4480 4503 4565 4567 4778 4827 4845 4863 5307 5316 5342 5355 5359 5383 5404 5407 5415 5417 5432 5433 5434 5438 5442 8398 8416 8435 8470 8481 8511 8520 
	}

	weather = {
	}
}
