strategic_region = {
	id = 146
	name = "STRATEGICREGION_146"

	provinces = {
		2463 3297 6764 6767 6771 6772 6776 6777 6779 6783 6785 6787 6788 6790 6791 6796 6798 6799 6800 6802 6803 6804 6806 6807 6808 6809 6810 6812 6813 6814 6815 6816 6817 6818 6848 6857 6862 6871 6884 6903 6957 7011 7020 7039 7063 7081 7117 7143 7160 7168 7226 7229 7257 7267 7290 7346 7356 7367 7370 7399 7432 7455 7458 7498 7528 7581 7610 7614 7659 7660 7670 7674 7694 7706 7709 7751 7765 7774 7823 7834 7846 7850 7861 7865 7872 7873 7881 7886 7919 7941 8024 8025 8034 8039 8808 
	}

	weather = {
	}
}
