strategic_region = {
	id = 71
	name = "STRATEGICREGION_71"

	provinces = {
		41 50 100 202 219 290 385 448 528 624 735 744 760 807 911 1131 1172 1181 1216 1225 1458 1467 1476 1489 1492 1768 2003 2007 2060 2074 2103 2116 2156 2408 2523 2563 2777 2870 2981 3108 3205 3458 3526 3594 3707 3795 4019 4069 4097 4148 4263 4268 4399 4465 4792 4882 5079 5949 5961 5975 6000 6006 6013 6023 6033 6042 6051 6063 6070 6078 6093 6101 6130 6132 8675 8679 8682 8685 8687 8690 8705 8709 8716 8717 
	}

	weather = {
	}
}
