strategic_region = {
	id = 77
	name = "STRATEGICREGION_77"

	provinces = {
		10 16 245 279 321 384 396 460 503 606 727 761 812 859 1165 1173 1228 1350 1502 1539 1571 1632 1710 1740 1824 1850 2149 2176 2229 2254 2264 2357 2363 2686 2729 2759 2789 2947 3011 3105 3113 3252 3432 3717 3822 4018 4120 4192 4216 4220 4574 4614 4715 4890 4968 5025 5522 5528 5542 5543 5557 5573 5582 5586 5600 5603 5608 5619 5621 5623 5627 5629 5632 5650 5653 5667 5680 5696 8606 8622 8625 8626 8629 8630 8631 8636 
	}

	weather = {
	}
}
