strategic_region = {
	id = 88
	name = "STRATEGICREGION_88"

	provinces = {
		15 81 180 246 267 307 367 368 458 596 633 697 775 787 862 902 997 1028 1030 1219 1285 1349 1399 1647 1678 1896 1932 1988 2014 2061 2072 2100 2261 2286 2293 2294 2297 2343 2536 2560 2602 2823 2846 2889 3013 3025 3028 3133 3140 3174 3279 3288 3291 3387 3405 3495 3642 3670 3792 3823 4017 4181 4440 4538 4681 4858 4905 4973 4983 4992 5051 5067 5882 5911 5914 5926 5943 5972 5977 5983 5985 5987 5989 6008 6010 6025 6032 6038 6039 6057 6062 6082 8681 
	}

	weather = {
	}
}
