strategic_region = {
	id = 94
	name = "STRATEGICREGION_94"

	provinces = {
		23 81 267 297 305 394 511 587 633 771 910 1030 1053 1113 1132 1195 1285 1357 1563 1580 1644 1694 1835 1854 1876 1882 2014 2072 2145 2247 2536 2540 2737 2746 2747 2833 2889 3025 3037 3038 3100 3106 3343 3385 3457 3629 3823 3940 3994 4127 4310 4467 4648 4805 4832 4858 4905 4983 5051 5076 5816 5828 5837 5845 5854 5882 5883 5905 5930 5943 5951 5983 5985 5991 5992 6001 6005 6008 6020 6030 6811 8865 8892 8893 8894 
	}

	weather = {
	}
}
