strategic_region = {
	id = 96
	name = "STRATEGICREGION_96"

	provinces = {
		36 51 64 125 201 364 390 399 428 709 847 885 918 1025 1109 1134 1273 1281 1314 1377 1573 1584 1602 1691 1703 1747 1761 1868 1966 2050 2114 2187 2393 2534 2650 2682 2691 2765 2820 2868 2880 3091 3094 3098 3237 3242 3271 3277 3373 3391 3393 3423 3441 3654 3656 3727 3775 3868 4000 4040 4076 4100 4202 4309 4330 4594 4724 4794 4954 4956 4967 5060 5756 5758 5768 5773 5776 5818 5864 5927 5932 5939 5941 5954 5957 5971 8668 8671 
	}

	weather = {
	}
}
