1 13 5702 4434 2896 3021 5694 4553 4387 5730 3797 2201 3574 3515 4649 
1 5 3031 4838 777 5774 4253 
1 5 4253 4556 5770 3515 4649 
1 9 4253 5749 2201 4341 5746 1330 4893 5763 4649 
1 3 5749 3618 3574 
1 2 4387 2053 
1 10 4073 2541 83 5808 3436 5787 2902 4934 2598 3515 
1 4 3436 4596 2272 83 
1 29 4649 3515 4209 5801 5077 3924 5839 1088 4140 5877 4697 3010 4377 5963 3538 3523 22 2848 5998 5997 2478 6003 995 924 489 6019 6011 1221 3756 
1 4 5077 3880 5826 83 
1 5 3924 1918 3972 256 5827 
1 8 5827 3111 3933 5793 18 4282 1127 317 
1 3 317 3954 3729 
1 2 3729 2689 
1 4 2689 9 4265 1604 
1 4 3729 2687 4966 9 
1 6 4966 4923 4222 5731 5734 4520 
1 6 1604 354 1129 3904 5663 3323 
1 19 5663 3171 5695 1265 2161 4362 3248 1183 5666 4572 803 218 5717 864 2772 3427 4754 2161 1265 
1 3 5663 4679 4210 
1 6 4520 1793 3884 5724 5722 4210 
1 4 5734 5743 5747 5760 
1 4 5760 3650 5754 1127 
1 3 3323 5648 4083 
1 2 4083 2561 
1 6 2561 5622 4077 1218 4179 6714 
1 10 4073 4497 3396 3145 1318 2642 5741 674 5700 3225 
1 12 1265 514 4286 5624 2597 4695 1556 909 4055 5558 3125 4179 
1 14 1183 3233 1063 1306 2263 344 4325 3399 3034 1267 2822 5537 5027 2337 
1 9 2822 581 3636 5508 1864 5491 518 2425 244 
1 16 2822 4159 3636 4570 2033 4663 5436 3529 5425 2417 4815 1036 76 3731 1259 3657 
1 10 4159 1791 3311 3690 1570 3537 4266 1624 1778 5558 
1 13 4893 5752 4843 5718 3682 1465 345 449 2062 4245 4241 2174 3340 
1 5 2062 4472 136 2529 2689 
1 9 4472 4208 1305 3744 1947 5772 3791 5783 4649 
1 9 5695 5712 703 4394 8869 8863 8867 5784 4334 
1 6 5784 1640 4737 4650 1561 3334 
1 8 4650 1045 2625 4970 1885 4329 1752 2022 
1 7 5724 4761 2403 2828 2422 5807 1045 
1 3 2828 1096 4334 
1 17 1045 2436 4735 1547 1790 4824 520 3571 509 5860 5858 5863 236 5840 2021 5811 3111 
1 5 5807 5822 1495 5836 1547 
1 8 4282 4530 18 4234 5824 5832 1157 5858 
1 14 2022 5902 4621 4108 2826 4188 5900 5899 3819 131 5890 2143 5091 5858 
1 9 5839 1891 1858 1450 5016 3259 4587 1482 4936 
1 5 256 1362 5861 5872 1450 
1 18 5840 810 5842 2404 2099 3708 5861 5055 1891 5862 4140 4507 3024 228 2593 5865 1781 2541 
1 14 810 5856 819 5870 5873 1368 3345 5907 5016 3301 5908 3010 2630 5919 
1 14 131 4958 5934 3064 5942 2445 1383 2082 4587 4774 2923 3516 914 5963 
1 7 5865 1648 563 2278 4460 463 5919 
1 40 1648 1620 5894 5910 5933 4840 4972 4866 5998 1479 1874 2 493 5028 3383 6105 6116 2075 3704 772 6175 6186 1156 3109 4074 2513 6253 4096 758 2284 3665 1912 6310 1468 874 454 379 1022 4119 6372 
1 32 5963 3224 1917 5995 1829 4936 4193 1446 3121 4514 5043 3060 6017 1421 4418 6021 3250 6029 4496 1758 5089 1558 4569 4174 3674 4128 5996 2874 5990 360 5059 6017 
1 10 4193 4471 2707 175 2855 6056 2863 1662 3370 6017 
1 7 2022 3384 3107 5946 5982 4128 1758 
1 6 3384 1517 5938 4205 5970 2874 
1 12 463 3671 1846 4840 5956 4236 3503 5986 2785 5017 6011 1221 
1 2 3671 3523 
1 8 5933 5923 5904 4204 559 2260 3724 4073 
1 6 4497 5820 4848 5848 3724 2541 
1 29 559 5909 2460 1513 5986 2785 4664 6019 1320 6048 4107 2120 3881 278 6140 3166 1981 3661 2400 6220 2472 4810 6256 1311 3075 3173 1436 4405 6358 
1 24 4496 3630 4152 1542 1084 3494 2465 2414 6145 1012 2340 3294 2894 133 6214 4576 3825 3874 2151 4915 4536 4490 6301 2711 
1 19 5089 4791 1542 111 6110 6115 2153 4113 711 2340 5048 6202 233 6245 335 6257 4386 1415 4536 
1 2 360 4418 
1 21 4418 6037 6054 6087 3194 3621 4833 4293 6133 6149 1188 3444 2663 4937 3305 3883 3859 6203 917 1839 6234 
1 11 335 6231 188 3874 6228 2936 4171 4382 2458 475 6234 
1 25 3224 4692 589 1434 6036 3151 4859 6088 2171 6124 3335 4577 1150 31 4392 1990 6199 1581 4580 1156 3109 1071 2783 26 6220 
1 11 1990 3693 4943 6233 978 4096 758 6277 332 3173 1436 
1 8 2863 2371 577 1072 130 4446 4755 3335 
1 9 130 6137 2946 3364 31 662 1776 852 6234 
1 6 852 4324 6226 613 4841 978 
1 6 6253 2051 6243 42 1749 4810 
1 3 852 788 613 
1 10 6234 3962 4489 2046 6265 6270 1733 3487 6266 2284 
1 13 6234 6250 4251 6271 3380 2208 2088 6315 926 1661 3930 1261 2711 
1 4 6234 2374 1915 4251 
1 5 2046 565 2929 5082 2088 
1 6 5082 3865 4182 2461 874 1912 
1 6 1661 2508 6349 632 6341 379 
1 16 2711 4370 2678 6348 4062 1017 2671 6390 4036 818 2190 3757 1235 2527 3909 3556 
1 8 2190 4797 6424 4002 3331 4533 6399 6390 
1 4 4002 3866 6427 6423 
1 9 4002 6406 3397 6396 239 6381 2754 3302 6348 
1 3 6348 3481 3930 
1 8 3302 6353 6360 4591 1801 1534 2067 1022 
1 3 1017 1405 6348 
1 2 1261 4370 
1 5 2678 6337 2667 95 4490 
1 21 6140 1963 4211 2093 1965 3935 6205 1470 4688 6236 4391 4636 2058 6294 6306 144 4254 4960 2328 1888 2606 
1 5 6205 21 58 1607 2472 
1 4 6256 3645 6259 4636 
1 5 144 4385 6307 2202 1436 
1 6 2202 4547 412 6351 4109 6358 
1 6 412 1101 4689 3753 953 2606 
1 11 953 4781 3908 4109 725 6359 203 6338 2424 1384 1912 
1 4 4851 3695 203 2424 
1 6 4851 2553 6354 1401 1718 1022 
1 2 6277 2284 
1 5 1912 6286 2580 2596 2046 
1 5 144 6321 1251 328 4134 
1 10 1221 1716 2355 3498 1919 1315 1840 5879 2260 5848 
1 22 5820 5817 2119 5812 1397 3160 5062 3043 4683 714 497 5714 1125 2764 5656 3781 4101 854 1184 5587 1960 4243 
1 7 2119 5831 4822 3160 5830 906 5855 
1 10 4848 5846 3802 2916 5875 4768 1796 3945 3497 4086 
1 10 2260 3209 2852 1274 5892 4768 1796 3497 1559 1537 
