state = { 
	id = 23 
	name = "STATE_23" 
	manpower = 300000 
	
	state_category = large_city 
	buildings_max_level_factor = 1 
	local_supplies = 0 
	
	resources = { 
		oil = 45 
		aluminium = 19 
	} 
	history = { 
		owner = CAN 
		
		victory_points = { 2224 16 }
		victory_points = { 3776 33 }
		victory_points = { 4741 10 }
		victory_points = { 5358 10 }
		
		buildings = { 
			infrastructure = 1 
			air_base = 8 
			thermoelectric_plant = 4 
			hydroelectric_plant = 3 
			schools = 2 
			offices = 1 
			hospitals = 2 
			prisons = 1 
			barracks = 1 
			dockyard = 1 
			2487 = { naval_base = 8 }
		}
		
		add_core_of = CAN 
	}
	provinces = { 54 70 92 101 165 196 359 369 476 488 572 578 598 607 643 653 682 704 708 716 724 958 968 1041 1078 1083 1151 1212 1213 1249 1325 1335 1352 1498 1515 1524 1544 1600 1668 1676 1775 1826 1861 1862 1880 1967 2079 2173 2221 2224 2258 2407 2420 2450 2487 2492 2546 2607 2681 2692 2807 2825 2851 2948 2955 2957 2965 2988 3007 3018 3120 3129 3199 3204 3251 3267 3310 3316 3320 3386 3390 3438 3445 3469 3559 3573 3734 3736 3776 3778 3898 3964 3984 4044 4092 4146 4147 4187 4311 4313 4458 4512 4522 4647 4654 4665 4709 4741 4785 4786 4818 4874 4894 4918 4920 4940 5029 5096 5097 5113 5114 5116 5120 5133 5153 5155 5170 5173 5178 5190 5195 5205 5206 5231 5247 5251 5269 5296 5301 5325 5358 6578 6579 6580 6584 6586 6590 6591 6592 6594 6596 6600 6603 6606 6610 6611 6612 6613 6614 6617 6621 6622 6623 6624 6630 6632 6634 6635 6636 6637 6639 6644 6649 6652 6653 6654 6656 6657 6660 6661 6666 6668 6673 6675 6677 8055 8076 8098 8114 8116 8121 8122 8127 8134 8151 8153 8187 8248 8309 8316 8335 8372 8373 8389 }
}
