state = { 
	id = 63 
	name = "STATE_63" 
	manpower = 8749
	state_category = rural
	buildings_max_level_factor = 1 
	local_supplies = 0 
	
	resources = { uranium = 51 } 
	history = { 
		owner = CAN 
		
		buildings = { 
			infrastructure = 1 
			thermoelectric_plant = 4 
			hydroelectric_plant = 3 
			schools = 1 
			offices = 1 
			hospitals = 1 
			prisons = 1 
			barracks = 1 
		}
		
		add_core_of = CAN 
	
		victory_points = { 3521 3 }
}
	provinces = { 19 24 86 227 234 361 370 387 601 619 626 639 640 654 655 670 706 757 799 826 834 837 840 865 875 899 923 1038 1201 1258 1447 1454 1511 1514 1593 1792 1800 1817 1837 1892 1945 1948 1973 1989 2031 2036 2037 2106 2126 2185 2197 2205 2300 2319 2342 2397 2491 2658 2660 2724 2804 2861 3070 3101 3258 3312 3326 3471 3521 3585 3649 3651 3803 3851 3912 4012 4065 4168 4300 4322 4345 4511 4749 4839 4876 4976 4979 5071 5101 5102 5103 5104 5124 5136 5138 5139 5180 5186 5198 5204 5218 5221 5232 5234 5235 5236 5239 5242 5248 5249 5254 5255 5291 5295 5302 5306 5333 6607 8048 8050 8071 8074 8080 8085 8086 8094 8096 8102 8120 8124 8125 8133 8139 8141 8144 8145 8150 8160 8162 8179 8180 8185 8192 8193 8202 8206 8212 8213 8214 8215 8216 8218 8225 8232 8234 8241 8245 8252 8253 8257 8258 8263 8267 8274 8275 8278 8279 8287 8294 8299 8302 8321 8329 }
}
